x,y,value
0,33,2
0,33,2
1,32,18
1,32,18
2,27,22
2,27,22
2,31,12
2,31,12
3,26,2
3,26,2
3,27,48
3,27,48
3,28,12
3,28,12
3,35,6
3,35,6
4,31,18
4,31,18
4,33,2
4,33,2
5,18,26
5,18,26
5,28,6
5,28,6
5,30,12
5,30,12
5,31,14
5,31,14
5,32,42
5,32,42
5,33,4
5,33,4
5,34,2
5,34,2
5,35,6
5,35,6
5,36,2
5,36,2
5,43,2
5,43,2
6,18,134
6,18,134
6,30,44
6,30,44
6,34,28
6,34,28
6,35,14
6,35,14
6,36,80
6,36,80
6,37,34
6,37,34
7,0,4
7,0,4
7,30,2
7,30,2
7,31,14
7,31,14
7,33,6
7,33,6
7,34,10
7,34,10
7,35,52
7,35,52
7,36,16
7,36,16
7,37,2
7,37,2
8,2,2
8,2,2
8,31,20
8,31,20
8,34,12
8,34,12
8,35,34
8,35,34
8,36,12
8,36,12
8,37,20
8,37,20
8,38,2
8,38,2
8,46,8
8,46,8
8,47,10
8,47,10
9,2,12
9,2,12
9,30,12
9,30,12
9,31,22
9,31,22
9,32,56
9,32,56
9,33,5
9,35,4
9,35,4
9,36,30
9,36,30
9,37,22
9,37,22
9,38,50
9,38,50
9,39,2
9,39,2
9,47,4
9,47,4
10,18,4
10,18,4
10,29,24
10,29,24
10,30,76
10,30,76
10,31,12
10,31,12
10,32,8
10,32,8
10,33,28
10,33,28
10,34,7
10,37,14
10,37,14
10,38,78
10,38,78
10,46,6
10,46,6
10,47,8
10,47,8
11,2,8
11,2,8
11,21,2
11,21,2
11,29,2
11,29,2
11,30,20
11,30,20
11,31,6
11,31,6
11,32,20
11,32,20
11,33,2
11,33,2
11,34,2
11,34,2
11,35,6
11,38,9
11,39,10
11,39,10
11,42,4
11,42,4
11,43,44
11,43,44
11,46,4
11,46,4
12,2,2
12,2,2
12,31,16
12,31,16
12,32,14
12,32,14
12,33,22
12,33,22
12,35,16
12,35,16
12,36,2
12,36,2
12,39,4
12,40,22
12,40,22
12,43,84
12,43,84
12,44,32
12,44,32
12,45,2
12,45,2
13,0,26
13,0,26
13,1,56
13,1,56
13,32,30
13,32,30
13,33,10
13,33,10
13,36,4
13,36,4
13,37,112
13,37,112
13,38,1
13,40,2
13,40,2
13,41,22
13,41,22
13,44,2
13,44,2
13,45,4
13,45,4
13,46,2
13,46,2
14,1,60
14,1,60
14,2,36
14,2,36
14,32,44
14,32,44
14,33,58
14,33,58
14,34,3
14,35,14
14,36,28
14,36,28
14,37,34
14,37,34
14,38,22
14,38,22
14,39,1
14,40,2
14,41,2
14,41,2
14,45,2
14,45,2
15,1,24
15,2,18
15,2,18
15,27,4
15,27,4
15,33,2
15,33,2
15,36,16
15,36,16
15,37,32
15,37,32
15,38,2
15,38,2
15,39,1
15,40,18
15,41,32
15,41,32
15,42,2
15,42,2
15,69,10
15,69,10
16,0,11
16,1,4
16,2,2
16,2,2
16,13,2
16,13,2
16,32,10
16,32,10
16,34,30
16,34,30
16,37,32
16,37,32
16,41,2
16,41,2
16,42,36
16,42,36
17,0,126
17,0,126
17,1,22
17,1,22
17,32,2
17,32,2
17,33,2
17,33,2
17,34,20
17,34,20
17,35,26
17,35,26
17,37,14
17,37,14
17,38,8
17,38,8
17,42,22
17,42,22
18,0,22
18,0,22
18,32,36
18,32,36
18,33,44
18,33,44
18,35,2
18,35,2
18,36,2
18,36,2
18,37,2
18,38,2
18,38,2
18,40,2
18,41,16
18,41,16
18,42,16
18,42,16
18,48,6
18,48,6
19,5,10
19,5,10
19,6,20
19,6,20
19,28,6
19,28,6
19,32,2
19,32,2
19,33,20
19,33,20
19,35,24
19,35,24
19,36,14
19,36,14
19,38,2
19,38,2
19,39,14
19,39,14
19,40,4
19,40,4
19,41,52
19,41,52
19,42,10
19,42,10
19,48,6
19,48,6
20,5,1
20,6,90
20,6,90
20,7,14
20,7,14
20,12,2
20,12,2
20,28,8
20,28,8
20,32,22
20,32,22
20,33,34
20,33,34
20,34,4
20,34,4
20,35,48
20,35,48
20,36,14
20,36,14
20,38,14
20,38,14
20,39,116
20,39,116
20,40,24
20,40,24
20,42,44
20,42,44
20,43,7
20,44,2
20,44,2
21,6,28
21,28,10
21,28,10
21,29,6
21,29,6
21,30,20
21,30,20
21,31,54
21,31,54
21,32,13
21,33,106
21,33,106
21,34,50
21,34,50
21,35,42
21,35,42
21,36,74
21,36,74
21,37,10
21,37,10
21,38,4
21,40,10
21,40,10
21,44,84
21,44,84
21,47,4
21,47,4
21,48,4
21,48,4
22,2,1
22,5,4
22,6,2
22,8,12
22,8,12
22,30,19
22,31,64
22,31,64
22,32,13
22,34,12
22,34,12
22,35,8
22,35,8
22,36,2
22,36,2
22,37,28
22,37,28
22,38,22
22,38,22
22,39,2
22,47,28
22,47,28
23,0,16
23,0,16
23,2,1
23,4,1
23,5,7
23,6,52
23,6,52
23,18,22
23,18,22
23,19,18
23,19,18
23,28,14
23,28,14
23,29,18
23,29,18
23,30,8
23,31,4
23,33,2
23,35,28
23,35,28
23,36,10
23,38,18
23,38,18
23,39,18
23,39,18
23,41,88
23,41,88
23,44,20
23,44,20
24,0,4
24,0,4
24,1,2
24,1,2
24,4,52
24,4,52
24,5,224
24,5,224
24,6,16
24,6,16
24,18,8
24,18,8
24,19,4
24,19,4
24,26,2
24,26,2
24,28,40
24,28,40
24,30,27
24,31,3
24,36,9
24,37,8
24,38,78
24,38,78
24,39,28
24,39,28
24,41,14
24,41,14
24,44,2
24,44,2
25,0,22
25,0,22
25,1,4
25,1,4
25,4,10
25,4,10
25,6,10
25,6,10
25,7,14
25,7,14
25,8,2
25,8,2
25,9,6
25,9,6
25,10,4
25,10,4
25,16,40
25,16,40
25,17,372
25,17,372
25,21,8
25,21,8
25,29,34
25,29,34
25,30,5
25,31,15
25,32,1
25,37,18
25,38,36
25,38,36
25,39,28
25,39,28
26,0,108
26,0,108
26,1,2
26,1,2
26,4,24
26,4,24
26,7,38
26,7,38
26,8,46
26,8,46
26,9,34
26,9,34
26,10,36
26,10,36
26,11,12
26,11,12
26,17,14
26,17,14
26,18,22
26,18,22
26,23,2
26,23,2
26,28,14
26,28,14
26,29,30
26,29,30
26,30,286
26,30,286
26,31,8
26,32,2
26,37,3
26,38,9
26,39,14
26,39,14
27,0,26
27,0,26
27,1,40
27,1,40
27,4,64
27,4,64
27,6,14
27,6,14
27,8,3
27,9,35
27,10,14
27,10,14
27,12,2
27,12,2
27,17,6
27,17,6
27,18,20
27,18,20
27,19,32
27,19,32
27,23,4
27,23,4
27,28,16
27,28,16
27,29,68
27,29,68
27,30,212
27,30,212
27,31,860
27,31,860
27,32,418
27,33,131
27,34,3
27,35,2
27,38,34
27,38,34
28,0,46
28,0,46
28,1,54
28,1,54
28,2,1
28,3,6
28,3,6
28,6,30
28,6,30
28,7,50
28,7,50
28,9,5
28,12,2
28,12,2
28,18,10
28,18,10
28,19,30
28,19,30
28,21,10
28,21,10
28,22,2
28,22,2
28,26,12
28,26,12
28,28,2
28,28,2
28,29,14
28,29,14
28,30,194
28,30,194
28,31,128
28,31,128
28,32,1218
28,32,1218
28,33,82
28,34,28
28,35,29
28,36,98
28,36,98
28,37,88
28,37,88
28,38,32
28,38,32
28,113,6
28,113,6
29,0,2
29,1,27
29,2,64
29,2,64
29,3,30
29,3,30
29,5,2
29,5,2
29,6,32
29,6,32
29,7,146
29,7,146
29,8,50
29,9,59
29,12,32
29,12,32
29,19,16
29,19,16
29,24,4
29,24,4
29,25,2
29,25,2
29,26,26
29,26,26
29,27,32
29,27,32
29,28,60
29,28,60
29,29,4
29,29,4
29,30,28
29,30,28
29,31,2
29,31,2
29,32,14
29,32,14
29,33,324
29,33,324
29,34,200
29,34,200
29,35,14
29,36,26
29,36,26
29,38,4
29,38,4
30,0,16
30,0,16
30,1,32
30,1,32
30,2,4
30,2,4
30,5,46
30,5,46
30,6,102
30,6,102
30,7,9
30,9,24
30,10,1
30,11,10
30,11,10
30,12,28
30,12,28
30,18,4
30,18,4
30,19,120
30,19,120
30,23,62
30,23,62
30,24,34
30,24,34
30,25,78
30,25,78
30,26,14
30,26,14
30,27,10
30,28,22
30,28,22
30,29,64
30,29,64
30,30,34
30,30,34
30,31,398
30,31,398
30,32,104
30,32,104
30,33,10
30,33,10
30,34,2
30,34,2
30,35,2
30,35,2
30,36,72
30,36,72
30,37,84
30,37,84
30,38,16
30,38,16
30,39,2
30,39,2
31,3,52
31,3,52
31,10,1
31,11,96
31,11,96
31,12,64
31,12,64
31,19,58
31,19,58
31,20,14
31,20,14
31,23,4
31,23,4
31,24,58
31,24,58
31,25,8
31,25,8
31,27,62
31,27,62
31,28,18
31,28,18
31,29,40
31,29,40
31,30,56
31,30,56
31,31,26
31,31,26
31,33,10
31,33,10
31,34,2
31,34,2
31,35,12
31,35,12
31,36,2
31,36,2
31,37,72
31,37,72
31,38,160
31,38,160
31,39,10
31,39,10
32,3,12
32,3,12
32,4,42
32,4,42
32,5,1
32,6,19
32,7,7
32,8,2
32,11,60
32,11,60
32,12,42
32,12,42
32,19,14
32,19,14
32,20,84
32,20,84
32,24,24
32,24,24
32,25,26
32,25,26
32,26,20
32,26,20
32,27,134
32,27,134
32,28,16
32,29,34
32,29,34
32,30,26
32,30,26
32,31,18
32,31,18
32,34,22
32,34,22
32,35,44
32,35,44
32,38,28
32,38,28
32,39,46
32,39,46
32,40,6
32,40,6
33,4,54
33,4,54
33,5,48
33,5,48
33,6,88
33,6,88
33,7,58
33,7,58
33,8,46
33,8,46
33,9,3
33,11,16
33,11,16
33,19,28
33,19,28
33,20,20
33,20,20
33,21,2
33,21,2
33,23,12
33,23,12
33,24,2
33,24,2
33,25,40
33,25,40
33,26,136
33,26,136
33,28,11
33,29,16
33,30,15
33,31,24
33,31,24
33,32,34
33,32,34
33,35,56
33,35,56
33,36,38
33,36,38
33,39,6
33,39,6
33,40,16
33,40,16
33,116,2
33,116,2
34,0,20
34,0,20
34,1,28
34,1,28
34,2,28
34,2,28
34,3,4
34,3,4
34,5,30
34,5,30
34,7,2
34,7,2
34,8,14
34,8,14
34,9,34
34,9,34
34,11,4
34,11,4
34,21,38
34,21,38
34,22,50
34,22,50
34,25,30
34,25,30
34,26,34
34,28,4
34,29,9
34,30,29
34,31,42
34,31,42
34,32,4
34,32,4
34,36,8
34,36,8
34,37,4
34,37,4
35,1,16
35,1,16
35,2,74
35,2,74
35,3,10
35,3,10
35,4,58
35,4,58
35,5,2
35,5,2
35,6,4
35,6,4
35,7,2
35,7,2
35,8,8
35,8,8
35,9,2
35,9,2
35,19,2
35,19,2
35,20,14
35,20,14
35,22,32
35,22,32
35,23,22
35,23,22
35,24,18
35,24,18
35,25,62
35,25,62
35,26,23
35,27,5
35,28,20
35,29,14
35,30,14
35,31,22
35,31,22
35,37,26
35,37,26
35,40,2
35,40,2
36,3,108
36,3,108
36,6,16
36,6,16
36,7,14
36,7,14
36,8,8
36,8,8
36,11,2
36,11,2
36,12,4
36,12,4
36,15,4
36,15,4
36,21,36
36,21,36
36,22,5
36,23,132
36,23,132
36,24,52
36,24,52
36,25,60
36,25,60
36,26,24
36,26,24
36,27,9
36,28,8
36,29,4
36,30,15
36,32,34
36,32,34
36,33,18
36,33,18
36,34,10
36,39,8
36,39,8
37,0,3
37,1,1
37,3,34
37,3,34
37,4,10
37,4,10
37,5,8
37,5,8
37,6,8
37,6,8
37,7,12
37,7,12
37,8,2
37,11,4
37,11,4
37,12,80
37,12,80
37,14,94
37,14,94
37,15,12
37,15,12
37,22,8
37,22,8
37,23,8
37,23,8
37,24,88
37,24,88
37,25,64
37,25,64
37,26,56
37,26,56
37,27,12
37,29,1
37,30,15
37,32,34
37,32,34
37,33,72
37,33,72
37,34,6
37,38,1
37,39,108
37,39,108
37,41,130
37,41,130
37,42,2
37,42,2
37,69,32
37,69,32
37,70,2
37,70,2
38,2,18
38,2,18
38,3,8
38,3,8
38,4,34
38,4,34
38,5,5
38,6,4
38,10,1
38,11,2
38,12,25
38,13,134
38,13,134
38,14,42
38,15,10
38,15,10
38,23,6
38,23,6
38,24,10
38,24,10
38,25,78
38,25,78
38,26,76
38,26,76
38,27,11
38,31,2
38,33,12
38,33,12
38,39,100
38,39,100
38,40,44
38,40,44
38,41,38
38,41,38
38,42,6
38,42,6
38,70,24
38,70,24
39,0,1
39,1,12
39,1,12
39,2,22
39,2,22
39,3,6
39,3,6
39,4,1
39,6,2
39,7,2
39,12,7
39,15,22
39,15,22
39,25,30
39,25,30
39,26,82
39,26,82
39,28,6
39,29,1
39,31,8
39,38,10
39,38,10
39,39,26
39,39,26
39,40,186
39,40,186
39,41,6
39,41,6
40,1,24
40,1,24
40,3,2
40,5,3
40,6,5
40,9,1
40,13,2
40,15,5
40,16,4
40,16,4
40,26,52
40,26,52
40,27,8
40,30,8
40,31,13
40,33,10
40,33,10
40,34,4
40,37,26
40,37,26
40,38,16
40,38,16
40,39,70
40,39,70
40,40,14
40,40,14
40,41,54
40,41,54
41,0,6
41,0,6
41,17,12
41,17,12
41,18,2
41,18,2
41,25,28
41,25,28
41,26,8
41,26,8
41,27,116
41,27,116
41,28,15
41,30,37
41,31,18
41,32,36
41,32,36
41,33,8
41,33,8
41,37,52
41,37,52
41,38,20
41,38,20
41,39,16
41,39,16
41,44,4
41,44,4
41,54,2
41,54,2
41,55,20
41,55,20
41,56,4
41,56,4
42,1,1
42,2,2
42,5,2
42,11,2
42,17,23
42,18,6
42,18,6
42,19,10
42,19,10
42,20,4
42,20,4
42,25,10
42,25,10
42,26,16
42,26,16
42,27,70
42,27,70
42,28,6
42,30,8
42,31,19
42,32,24
42,32,24
42,34,10
42,34,10
42,35,20
42,35,20
42,36,6
42,36,6
42,37,18
42,37,18
42,38,4
42,44,12
42,44,12
42,45,2
42,45,2
42,52,36
42,52,36
42,53,108
42,53,108
42,54,6
42,54,6
42,55,14
42,55,14
42,56,18
42,56,18
42,57,10
42,57,10
43,3,2
43,3,2
43,16,1
43,18,4
43,19,52
43,19,52
43,20,24
43,20,24
43,26,4
43,26,4
43,27,68
43,27,68
43,28,5
43,30,5
43,31,35
43,32,48
43,32,48
43,34,18
43,34,18
43,35,16
43,35,16
43,36,12
43,36,12
43,37,18
43,37,18
43,38,20
43,38,20
43,39,6
43,41,16
43,41,16
43,42,8
43,42,8
43,45,4
43,45,4
43,52,30
43,52,30
43,53,2
43,54,23
43,55,8
43,56,8
43,57,16
43,57,16
43,58,10
43,58,10
44,0,4
44,0,4
44,16,1
44,19,10
44,19,10
44,21,26
44,21,26
44,27,2
44,27,2
44,28,126
44,28,126
44,32,22
44,32,22
44,33,58
44,33,58
44,34,12
44,34,12
44,35,16
44,35,16
44,36,10
44,36,10
44,37,50
44,37,50
44,38,22
44,38,22
44,41,4
44,41,4
44,42,10
44,42,10
44,52,18
44,52,18
44,53,5
44,54,1
44,57,10
44,58,11
44,115,16
44,115,16
45,4,4
45,4,4
45,10,2
45,19,12
45,19,12
45,20,8
45,20,8
45,21,196
45,21,196
45,22,24
45,22,24
45,28,64
45,28,64
45,31,221
45,32,1360
45,32,1360
45,33,104
45,33,104
45,34,30
45,34,30
45,35,18
45,35,18
45,37,18
45,37,18
45,38,32
45,38,32
45,39,10
45,39,10
45,43,6
45,43,6
45,45,14
45,45,14
45,46,22
45,46,22
45,52,40
45,52,40
45,53,122
45,53,122
45,54,5
45,82,4
45,82,4
45,83,4
45,83,4
46,0,60
46,0,60
46,1,24
46,1,24
46,2,34
46,2,34
46,5,4
46,5,4
46,10,2
46,18,6
46,18,6
46,19,28
46,19,28
46,21,72
46,21,72
46,22,8
46,22,8
46,26,10
46,26,10
46,27,32
46,27,32
46,28,34
46,28,34
46,30,1
46,31,7
46,32,290
46,32,290
46,33,42
46,33,42
46,34,12
46,34,12
46,36,4
46,40,96
46,40,96
46,42,8
46,42,8
46,45,32
46,45,32
46,46,1
46,47,6
46,47,6
46,48,32
46,48,32
46,53,2
46,53,2
46,54,30
46,54,30
46,59,22
46,59,22
46,60,20
46,60,20
47,0,6
47,0,6
47,1,54
47,1,54
47,2,38
47,5,16
47,5,16
47,16,1
47,17,4
47,17,4
47,18,8
47,18,8
47,21,12
47,21,12
47,22,10
47,22,10
47,25,2
47,25,2
47,26,2
47,26,2
47,27,30
47,27,30
47,31,20
47,31,20
47,32,30
47,32,30
47,33,2
47,33,2
47,34,6
47,34,6
47,35,4
47,35,4
47,36,8
47,36,8
47,37,6
47,38,3
47,39,5
47,40,34
47,40,34
47,43,10
47,43,10
47,48,38
47,48,38
47,49,8
47,49,8
47,52,4
47,52,4
47,53,6
47,53,6
47,54,4
47,54,4
47,55,16
47,55,16
47,56,5
47,59,25
47,111,50
47,111,50
47,112,10
47,112,10
48,1,42
48,1,42
48,4,1
48,5,2
48,18,6
48,18,6
48,22,34
48,22,34
48,25,18
48,25,18
48,26,32
48,26,32
48,27,28
48,27,28
48,31,34
48,31,34
48,32,38
48,32,38
48,33,26
48,33,26
48,34,17
48,35,8
48,35,8
48,36,32
48,36,32
48,37,24
48,37,24
48,38,5
48,40,13
48,41,1
48,42,20
48,42,20
48,43,70
48,43,70
48,46,2
48,47,94
48,47,94
48,48,8
48,48,8
48,53,8
48,53,8
48,54,38
48,54,38
48,55,90
48,55,90
48,56,42
48,56,42
48,57,2
48,58,1
48,59,14
48,60,16
48,60,16
48,75,4
48,75,4
48,112,4
48,112,4
48,122,22
48,122,22
49,0,6
49,0,6
49,1,8
49,1,8
49,2,10
49,2,10
49,4,2
49,5,4
49,10,4
49,19,1
49,22,12
49,22,12
49,26,10
49,26,10
49,27,94
49,27,94
49,28,6
49,28,6
49,29,26
49,29,26
49,32,38
49,32,38
49,34,2
49,34,2
49,36,10
49,36,10
49,37,20
49,37,20
49,42,28
49,42,28
49,45,2
49,45,2
49,47,9
49,48,2
49,48,2
49,49,4
49,49,4
49,53,8
49,53,8
49,54,50
49,54,50
49,55,22
49,55,22
49,56,128
49,56,128
49,57,22
49,58,107
49,59,18
49,85,6
49,85,6
49,122,4
49,122,4
50,2,32
50,2,32
50,6,6
50,7,1
50,22,6
50,22,6
50,23,4
50,23,4
50,26,32
50,26,32
50,27,15
50,28,8
50,28,8
50,32,18
50,32,18
50,33,24
50,33,24
50,34,22
50,34,22
50,36,4
50,36,4
50,37,16
50,37,16
50,38,8
50,42,32
50,42,32
50,45,58
50,45,58
50,46,62
50,46,62
50,47,70
50,47,70
50,48,60
50,48,60
50,49,16
50,49,16
50,56,2
50,56,2
50,57,188
50,57,188
50,58,57
50,59,48
50,59,48
50,60,34
50,60,34
51,0,12
51,0,12
51,2,48
51,2,48
51,11,8
51,23,6
51,23,6
51,26,50
51,26,50
51,29,6
51,29,6
51,32,1
51,34,12
51,34,12
51,35,10
51,35,10
51,36,1
51,37,4
51,37,4
51,39,18
51,41,1
51,43,42
51,43,42
51,46,44
51,46,44
51,47,70
51,47,70
51,48,6
51,48,6
51,49,4
51,49,4
51,57,24
51,57,24
51,58,56
51,58,56
51,59,10
51,59,10
51,119,14
51,119,14
52,0,2
52,2,6
52,2,6
52,4,2
52,8,2
52,11,2
52,15,4
52,20,1
52,22,16
52,22,16
52,24,2
52,24,2
52,25,12
52,25,12
52,26,24
52,26,24
52,34,6
52,34,6
52,35,2
52,35,2
52,39,5
52,40,13
52,42,1
52,45,38
52,45,38
52,46,52
52,46,52
52,47,6
52,47,6
52,48,4
52,48,4
52,49,30
52,49,30
52,50,10
52,50,10
52,51,32
52,51,32
52,53,4
52,53,4
52,58,10
52,58,10
52,59,6
52,59,6
52,121,6
52,121,6
52,122,20
52,122,20
52,123,8
52,123,8
52,124,6
52,124,6
53,23,14
53,23,14
53,24,4
53,24,4
53,25,16
53,25,16
53,27,1
53,35,2
53,35,2
53,36,6
53,36,6
53,37,3
53,40,5
53,41,6
53,42,5
53,43,13
53,45,12
53,45,12
53,46,38
53,46,38
53,47,16
53,47,16
53,49,2
53,49,2
53,53,8
53,53,8
53,54,2
53,54,2
53,115,4
53,115,4
53,122,8
53,123,13
53,124,34
53,124,34
54,2,12
54,2,12
54,4,2
54,9,3
54,14,7
54,23,12
54,23,12
54,24,4
54,24,4
54,25,12
54,25,12
54,26,34
54,26,34
54,30,4
54,30,4
54,37,8
54,37,8
54,38,9
54,40,1
54,42,3
54,43,14
54,44,9
54,45,2
54,47,24
54,47,24
54,48,14
54,48,14
54,49,24
54,49,24
54,50,22
54,50,22
54,51,4
54,51,4
54,55,12
54,55,12
54,56,8
54,56,8
54,114,24
54,114,24
54,115,98
54,115,98
54,118,1
54,123,25
54,124,72
54,124,72
54,125,98
54,125,98
54,126,4
54,126,4
55,2,14
55,2,14
55,22,1
55,23,14
55,23,14
55,25,10
55,25,10
55,26,4
55,26,4
55,29,3
55,32,2
55,32,2
55,33,2
55,37,6
55,37,6
55,38,15
55,44,8
55,45,14
55,46,2
55,49,16
55,49,16
55,50,2
55,50,2
55,51,8
55,51,8
55,56,52
55,56,52
55,57,116
55,57,116
55,114,26
55,114,26
55,115,36
55,115,36
55,120,7
55,123,28
55,124,130
55,124,130
55,125,72
55,125,72
56,7,1
56,12,2
56,18,2
56,19,6
56,23,6
56,23,6
56,24,4
56,24,4
56,25,306
56,25,306
56,26,1
56,37,2
56,37,2
56,38,50
56,38,50
56,40,1
56,44,13
56,45,7
56,46,8
56,49,9
56,50,20
56,50,20
56,51,22
56,51,22
56,52,26
56,52,26
56,53,1
56,56,4
56,57,72
56,57,72
56,58,32
56,58,32
56,59,88
56,59,88
56,113,2
56,113,2
56,114,2
56,114,2
56,115,36
56,115,36
56,116,3
56,120,7
56,121,2
57,24,4
57,24,4
57,25,312
57,25,312
57,26,3
57,31,1
57,37,10
57,37,10
57,38,32
57,38,32
57,39,14
57,39,14
57,45,2
57,46,1
57,49,2
57,51,36
57,51,36
57,52,4
57,52,4
57,53,18
57,53,18
57,58,19
57,59,2
57,60,16
57,60,16
57,61,2
57,61,2
57,113,4
57,113,4
57,114,22
57,114,22
57,116,56
57,117,1
57,119,4
57,120,20
57,121,25
57,122,8
57,124,24
57,125,56
57,126,344
57,126,344
58,12,1
58,25,132
58,25,132
58,26,54
58,26,54
58,37,4
58,37,4
58,39,96
58,39,96
58,41,1
58,42,1
58,48,2
58,49,1
58,52,64
58,52,64
58,53,22
58,53,22
58,54,4
58,54,4
58,60,5
58,61,54
58,61,54
58,116,1
58,118,11
58,119,10
58,120,8
58,121,17
58,122,6
58,124,48
58,125,139
58,126,154
58,126,154
59,22,2
59,25,1
59,26,7
59,27,10
59,29,1
59,39,42
59,39,42
59,40,16
59,40,16
59,48,2
59,59,4
59,59,4
59,60,1
59,115,4
59,115,4
59,118,25
59,119,8
59,120,11
59,121,6
59,122,118
59,123,83
59,124,32
59,125,2
59,125,2
60,19,15
60,23,2
60,40,6
60,40,6
60,41,44
60,41,44
60,46,1
60,48,2
60,54,2
60,54,2
60,55,24
60,55,24
60,55,24
60,57,2
60,57,2
60,58,3
60,58,3
60,58,3
60,116,24
60,116,24
60,117,62
60,117,62
60,120,8
60,121,60
60,121,60
60,122,116
60,122,116
60,123,152
60,123,152
60,124,5
60,125,36
60,125,36
61,29,1
61,41,16
61,41,16
61,42,52
61,42,52
61,44,2
61,45,1
61,46,1
61,53,1
61,54,2
61,54,2
61,55,21
61,55,21
61,55,21
61,56,114
61,56,114
61,56,114
61,57,3
61,59,28
61,59,28
61,69,4
61,69,4
61,70,8
61,70,8
61,72,8
61,72,8
61,73,30
61,73,30
61,117,2
61,117,2
61,118,18
61,118,18
61,119,30
61,119,30
61,120,104
61,120,104
61,121,2
61,121,2
61,123,28
61,123,28
61,125,118
61,125,118
62,6,2
62,25,3
62,30,11
62,38,1
62,41,48
62,41,48
62,42,80
62,42,80
62,44,1
62,55,45
62,55,45
62,55,45
62,56,27
62,56,27
62,56,27
62,57,44
62,57,44
62,59,24
62,59,24
62,60,52
62,60,52
62,65,18
62,65,18
62,71,10
62,71,10
62,72,5
62,76,2
62,76,2
62,120,92
62,120,92
62,121,4
62,121,4
62,122,2
62,122,2
62,123,60
62,123,60
62,124,104
62,124,104
62,125,78
62,125,78
62,126,6
62,126,6
63,0,5
63,30,2
63,33,1
63,38,1
63,42,30
63,42,30
63,54,1
63,57,32
63,57,32
63,58,14
63,58,14
63,59,88
63,59,88
63,60,78
63,60,78
63,61,36
63,61,36
63,66,2
63,66,2
63,71,2
63,71,2
63,73,7
63,74,62
63,74,62
63,93,6
63,93,6
63,96,4
63,96,4
63,99,8
63,99,8
63,122,40
63,122,40
63,123,10
63,123,10
63,125,20
63,125,20
63,127,2
63,127,2
64,0,1
64,1,1
64,26,2
64,40,10
64,40,10
64,42,42
64,42,42
64,43,27
64,44,10
64,45,1
64,52,2
64,55,3
64,55,3
64,55,3
64,57,23
64,58,46
64,58,46
64,62,22
64,62,22
64,63,30
64,63,30
64,64,32
64,64,32
64,65,56
64,65,56
64,66,18
64,66,18
64,71,8
64,71,8
64,72,174
64,72,174
64,73,88
64,73,88
64,74,4
64,74,4
64,77,2
64,77,2
64,78,22
64,78,22
64,90,4
64,90,4
64,92,8
64,92,8
64,93,50
64,93,50
64,94,6
64,94,6
64,96,2
64,96,2
64,98,10
64,98,10
64,99,4
64,99,4
65,2,1
65,4,2
65,30,3
65,40,10
65,40,10
65,43,46
65,43,46
65,44,92
65,44,92
65,51,12
65,51,12
65,52,4
65,52,4
65,53,18
65,53,18
65,54,18
65,54,18
65,55,18
65,55,18
65,55,18
65,56,12
65,56,12
65,57,8
65,57,8
65,71,30
65,71,30
65,72,116
65,72,116
65,90,12
65,90,12
65,92,6
65,92,6
65,93,18
65,93,18
65,95,38
65,95,38
65,97,6
65,97,6
65,100,16
65,100,16
65,102,2
65,102,2
65,122,28
65,122,28
66,1,3
66,3,5
66,7,1
66,22,4
66,44,56
66,44,56
66,45,26
66,45,26
66,51,1
66,55,24
66,55,24
66,55,24
66,56,58
66,56,58
66,57,6
66,57,6
66,58,2
66,58,2
66,59,8
66,59,8
66,60,2
66,60,2
66,72,12
66,72,12
66,73,36
66,73,36
66,91,18
66,91,18
66,93,32
66,93,32
66,94,78
66,94,78
66,95,56
66,95,56
66,96,2
66,96,2
66,99,32
66,99,32
66,100,66
66,100,66
66,101,24
66,101,24
66,102,4
66,102,4
66,108,18
66,108,18
66,122,66
66,122,66
66,123,12
66,124,18
66,124,18
67,0,5
67,1,2
67,3,3
67,32,4
67,34,2
67,44,70
67,44,70
67,47,6
67,55,12
67,55,12
67,56,8
67,57,4
67,58,6
67,58,6
67,59,11
67,60,48
67,60,48
67,61,18
67,61,18
67,73,42
67,73,42
67,74,18
67,74,18
67,75,40
67,75,40
67,81,2
67,81,2
67,82,42
67,82,42
67,87,6
67,87,6
67,91,20
67,91,20
67,92,18
67,92,18
67,93,48
67,93,48
67,94,94
67,94,94
67,95,86
67,95,86
67,96,56
67,96,56
67,101,16
67,101,16
67,102,154
67,102,154
67,103,60
67,103,60
67,104,12
67,104,12
67,114,14
67,114,14
67,122,2
67,122,2
67,123,178
67,123,178
67,124,98
67,124,98
68,0,36
68,3,2
68,4,2
68,5,1
68,6,2
68,13,1
68,27,2
68,31,1
68,32,2
68,40,1
68,44,78
68,44,78
68,45,1
68,47,1
68,48,8
68,48,8
68,50,1
68,52,24
68,52,24
68,53,8
68,53,8
68,54,14
68,54,14
68,60,28
68,60,28
68,62,2
68,62,2
68,63,2
68,63,2
68,67,4
68,67,4
68,68,30
68,68,30
68,72,2
68,72,2
68,73,16
68,73,16
68,74,50
68,75,21
68,76,42
68,76,42
68,77,56
68,77,56
68,78,20
68,78,20
68,79,22
68,79,22
68,80,22
68,80,22
68,82,18
68,82,18
68,83,4
68,83,4
68,84,26
68,84,26
68,85,2
68,85,2
68,89,6
68,89,6
68,93,2
68,93,2
68,94,38
68,94,38
68,95,12
68,95,12
68,96,6
68,96,6
68,97,12
68,97,12
68,98,8
68,98,8
68,99,102
68,99,102
68,100,278
68,100,278
68,101,28
68,101,28
68,102,22
68,102,22
68,103,20
68,103,20
68,104,54
68,104,54
68,114,20
68,114,20
68,115,12
68,115,12
68,118,2
68,118,2
69,1,2
69,3,13
69,4,12
69,6,2
69,17,1
69,32,6
69,38,1
69,44,24
69,44,24
69,45,14
69,45,14
69,46,3
69,52,3
69,53,10
69,53,10
69,61,16
69,61,16
69,62,24
69,62,24
69,63,34
69,63,34
69,64,6
69,64,6
69,65,10
69,65,10
69,66,3
69,67,1
69,68,45
69,75,6
69,77,15
69,78,114
69,78,114
69,79,96
69,79,96
69,80,64
69,80,64
69,81,48
69,81,48
69,82,180
69,82,180
69,83,21
69,84,11
69,85,1
69,87,2
69,87,2
69,88,4
69,88,4
69,89,20
69,89,20
69,95,26
69,95,26
69,96,6
69,96,6
69,97,20
69,97,20
69,98,110
69,98,110
69,99,242
69,99,242
69,100,238
69,100,238
69,101,30
69,101,30
69,102,56
69,102,56
69,106,8
69,106,8
69,107,14
69,107,14
69,117,8
69,117,8
69,118,198
69,118,198
69,119,40
69,119,40
70,0,1
70,4,5
70,8,4
70,32,3
70,33,5
70,40,5
70,44,8
70,44,8
70,46,1
70,53,26
70,53,26
70,54,22
70,54,22
70,62,18
70,62,18
70,68,9
70,69,80
70,69,80
70,70,8
70,70,8
70,74,62
70,74,62
70,75,6
70,76,2
70,77,21
70,79,30
70,80,39
70,81,68
70,82,269
70,83,71
70,88,86
70,88,86
70,89,46
70,89,46
70,90,122
70,90,122
70,91,64
70,91,64
70,97,8
70,97,8
70,99,166
70,99,166
70,100,254
70,100,254
70,101,4
70,101,4
70,102,8
70,102,8
70,118,14
70,118,14
70,119,6
70,119,6
71,3,6
71,4,4
71,7,11
71,8,2
71,30,1
71,33,1
71,44,24
71,44,24
71,45,1
71,46,4
71,47,3
71,53,80
71,53,80
71,54,18
71,54,18
71,61,36
71,61,36
71,62,30
71,62,30
71,66,1
71,68,5
71,69,26
71,74,34
71,74,34
71,75,1
71,77,1
71,79,3
71,80,5
71,81,36
71,82,23
71,83,12
71,84,12
71,85,21
71,86,42
71,86,42
71,87,26
71,87,26
71,88,330
71,88,330
71,89,216
71,89,216
71,90,114
71,90,114
71,91,16
71,92,2
71,92,2
71,94,2
71,94,2
71,97,8
71,97,8
71,98,320
71,98,320
71,99,958
71,99,958
71,100,620
71,100,620
71,101,10
71,101,10
72,5,2
72,6,3
72,9,2
72,10,4
72,11,9
72,29,3
72,36,2
72,40,8
72,40,8
72,42,24
72,42,24
72,43,110
72,43,110
72,44,184
72,44,184
72,46,42
72,46,42
72,46,42
72,47,6
72,47,6
72,47,6
72,48,36
72,48,36
72,48,36
72,49,2
72,49,2
72,50,20
72,50,20
72,51,8
72,51,8
72,52,2
72,52,2
72,53,4
72,53,4
72,54,14
72,54,14
72,59,1
72,60,2
72,61,24
72,62,12
72,63,3
72,64,2
72,82,18
72,83,18
72,84,24
72,85,29
72,86,82
72,86,82
72,87,34
72,87,34
72,88,244
72,88,244
72,89,304
72,89,304
72,90,84
72,90,84
72,93,13
72,94,40
72,94,40
72,96,10
72,96,10
72,97,8
72,97,8
72,98,8
72,98,8
72,99,62
72,99,62
72,100,1036
72,100,1036
72,101,1022
72,101,1022
72,102,450
72,102,450
72,103,18
72,103,18
72,108,4
72,108,4
72,109,2
72,109,2
73,6,1
73,7,1
73,10,5
73,11,9
73,13,2
73,29,3
73,34,2
73,40,54
73,40,54
73,41,8
73,41,8
73,42,30
73,42,30
73,43,46
73,43,46
73,44,24
73,47,2
73,47,2
73,50,10
73,50,10
73,53,1
73,54,2
73,54,2
73,55,24
73,55,24
73,60,2
73,61,1
73,62,27
73,63,7
73,64,11
73,66,4
73,69,2
73,70,5
73,71,26
73,71,26
73,81,10
73,82,12
73,82,12
73,83,14
73,83,14
73,84,40
73,84,40
73,85,41
73,86,38
73,87,26
73,88,19
73,89,38
73,89,38
73,90,42
73,90,42
73,91,32
73,95,22
73,95,22
73,96,2
73,96,2
73,97,4
73,97,4
73,99,2
73,99,2
73,100,58
73,100,58
73,101,44
73,101,44
73,102,1112
73,102,1112
73,103,550
73,103,550
73,104,78
73,104,78
73,106,10
73,106,10
73,108,28
73,108,28
73,109,18
73,109,18
73,110,16
73,110,16
74,0,1
74,5,3
74,6,1
74,7,1
74,9,1
74,10,2
74,11,8
74,12,1
74,13,15
74,33,2
74,39,3
74,40,4
74,40,4
74,41,8
74,41,8
74,42,42
74,42,42
74,43,7
74,44,2
74,44,2
74,54,22
74,54,22
74,55,8
74,55,8
74,60,6
74,60,6
74,61,70
74,61,70
74,62,144
74,63,55
74,64,1
74,66,5
74,67,8
74,69,8
74,69,8
74,70,90
74,70,90
74,71,6
74,71,6
74,78,24
74,78,24
74,79,5
74,80,3
74,81,36
74,81,36
74,82,2
74,82,2
74,83,6
74,83,6
74,84,28
74,84,28
74,86,25
74,87,36
74,88,3
74,89,22
74,89,22
74,90,24
74,90,24
74,91,14
74,91,14
74,92,10
74,93,2
74,96,64
74,96,64
74,100,28
74,100,28
74,102,268
74,102,268
74,103,190
74,103,190
74,104,34
74,105,14
74,105,14
74,106,110
74,106,110
74,107,14
74,108,50
74,108,50
74,109,10
74,109,10
74,111,2
74,111,2
74,112,4
74,112,4
75,0,2
75,1,11
75,2,27
75,3,12
75,4,1
75,8,6
75,13,5
75,14,13
75,15,1
75,41,40
75,41,40
75,42,52
75,42,52
75,43,22
75,54,38
75,54,38
75,55,12
75,55,12
75,61,32
75,61,32
75,62,94
75,62,94
75,63,38
75,63,38
75,66,1
75,67,10
75,68,76
75,68,76
75,69,78
75,69,78
75,70,22
75,70,22
75,78,2
75,78,2
75,79,62
75,79,62
75,80,8
75,80,8
75,83,16
75,83,16
75,86,1
75,87,8
75,88,20
75,89,4
75,90,52
75,90,52
75,91,68
75,91,68
75,92,58
75,92,58
75,93,2
75,94,1
75,96,6
75,97,20
75,97,20
75,99,2
75,99,2
75,100,42
75,100,42
75,101,4
75,101,4
75,102,10
75,102,10
75,103,4
75,103,4
75,104,8
75,104,8
75,105,2
75,106,6
75,109,32
75,110,5
75,111,10
75,112,50
75,112,50
75,113,2
75,113,2
75,117,6
75,117,6
76,0,2
76,4,45
76,5,2
76,12,1
76,13,1
76,15,2
76,18,4
76,19,3
76,20,1
76,37,1
76,39,1
76,41,8
76,41,8
76,42,28
76,42,28
76,43,3
76,55,2
76,55,2
76,56,8
76,56,8
76,57,4
76,57,4
76,63,10
76,63,10
76,66,54
76,66,54
76,67,8
76,67,8
76,68,22
76,68,22
76,74,8
76,74,8
76,75,18
76,75,18
76,76,26
76,76,26
76,83,16
76,83,16
76,84,28
76,84,28
76,89,3
76,90,11
76,91,19
76,92,19
76,93,6
76,97,82
76,97,82
76,98,16
76,98,16
76,99,4
76,99,4
76,100,52
76,100,52
76,101,76
76,101,76
76,102,60
76,102,60
76,103,56
76,103,56
76,104,34
76,104,34
76,105,13
76,109,2
76,109,2
76,110,118
76,110,118
76,111,22
76,112,66
76,112,66
76,122,50
76,122,50
77,0,5
77,1,11
77,2,3
77,3,3
77,4,24
77,5,48
77,8,1
77,12,1
77,13,4
77,14,1
77,15,4
77,26,1
77,40,4
77,40,4
77,41,40
77,41,40
77,42,4
77,42,4
77,49,1
77,55,26
77,55,26
77,57,2
77,57,2
77,74,2
77,74,2
77,76,90
77,76,90
77,84,14
77,84,14
77,89,6
77,90,4
77,91,13
77,92,3
77,93,11
77,97,8
77,98,54
77,98,54
77,99,2
77,99,2
77,100,8
77,100,8
77,101,154
77,101,154
77,102,78
77,102,78
77,103,23
77,104,22
77,105,21
77,110,2
77,110,2
77,123,4
77,123,4
77,124,6
77,124,6
78,0,2
78,2,5
78,4,23
78,5,43
78,6,16
78,7,30
78,14,1
78,16,1
78,17,1
78,36,1
78,39,1
78,42,38
78,42,38
78,48,1
78,55,20
78,55,20
78,56,6
78,56,6
78,57,4
78,57,4
78,58,4
78,58,4
78,63,24
78,63,24
78,71,4
78,71,4
78,74,2
78,74,2
78,84,56
78,84,56
78,90,5
78,91,20
78,97,8
78,98,2
78,99,30
78,99,30
78,100,166
78,100,166
78,101,39
78,102,114
78,102,114
78,103,76
78,103,76
78,104,10
78,105,4
78,106,4
78,106,4
78,115,34
78,115,34
78,116,2
78,116,2
78,118,38
78,118,38
78,119,56
78,119,56
78,120,6
78,120,6
78,124,12
78,124,12
78,125,26
78,125,26
79,1,2
79,4,1
79,5,36
79,6,81
79,7,239
79,8,12
79,9,21
79,10,4
79,16,4
79,18,8
79,19,18
79,20,1
79,21,16
79,24,3
79,40,36
79,40,36
79,41,62
79,41,62
79,49,1
79,52,2
79,53,2
79,56,20
79,56,20
79,58,22
79,58,22
79,60,20
79,60,20
79,61,8
79,61,8
79,63,12
79,63,12
79,68,12
79,68,12
79,73,8
79,73,8
79,77,2
79,77,2
79,81,4
79,81,4
79,82,6
79,82,6
79,85,70
79,85,70
79,100,10
79,101,32
79,102,2
79,104,3
79,105,6
79,106,8
79,106,8
79,112,8
79,112,8
79,116,1
79,118,5
79,119,14
79,120,66
79,120,66
79,124,36
79,124,36
79,125,90
79,125,90
79,126,2
79,126,2
80,0,3
80,1,1
80,3,1
80,6,34
80,7,47
80,8,68
80,9,16
80,10,2
80,11,14
80,12,6
80,14,15
80,15,14
80,16,11
80,17,6
80,18,9
80,19,2
80,21,20
80,22,6
80,27,1
80,45,2
80,45,2
80,53,2
80,56,5
80,57,336
80,57,336
80,58,84
80,58,84
80,61,1
80,62,2
80,62,2
80,73,58
80,73,58
80,77,4
80,77,4
80,85,2
80,85,2
80,86,30
80,86,30
80,94,2
80,104,16
80,104,16
80,105,4
80,105,4
80,112,10
80,112,10
80,121,2
80,122,28
80,122,28
80,123,50
80,123,50
80,124,66
80,124,66
80,125,40
80,125,40
80,126,56
80,126,56
81,2,5
81,3,1
81,6,16
81,7,3
81,8,26
81,9,16
81,10,5
81,11,1
81,12,1
81,13,8
81,14,40
81,17,3
81,18,6
81,19,21
81,20,34
81,21,9
81,22,6
81,23,7
81,24,4
81,25,7
81,26,1
81,33,1
81,57,31
81,58,558
81,58,558
81,62,32
81,62,32
81,63,2
81,63,2
81,69,18
81,69,18
81,73,4
81,73,4
81,77,10
81,77,10
81,78,22
81,78,22
81,87,6
81,87,6
81,88,3
81,94,2
81,95,8
81,96,8
81,103,28
81,103,28
81,104,12
81,104,12
81,113,6
81,113,6
81,123,2
81,124,42
81,124,42
81,125,262
81,125,262
81,126,80
81,126,80
81,127,14
81,127,14
82,4,1
82,8,1
82,13,1
82,17,6
82,18,7
82,26,13
82,27,16
82,28,4
82,32,1
82,33,1
82,36,1
82,38,12
82,38,12
82,39,4
82,39,4
82,41,1
82,58,40
82,58,40
82,59,28
82,59,28
82,61,26
82,61,26
82,63,2
82,63,2
82,69,10
82,69,10
82,77,4
82,77,4
82,78,12
82,78,12
82,79,4
82,85,4
82,85,4
82,88,26
82,88,26
82,94,2
82,95,6
82,95,6
82,96,47
82,97,90
82,97,90
82,98,8
82,98,8
82,99,12
82,99,12
82,101,14
82,101,14
82,102,78
82,102,78
82,103,22
82,103,22
82,126,158
82,126,158
82,127,86
82,127,86
83,1,1
83,3,1
83,7,3
83,8,3
83,9,1
83,10,1
83,15,2
83,20,2
83,21,1
83,23,1
83,24,1
83,29,2
83,30,1
83,34,1
83,37,4
83,37,4
83,38,4
83,38,4
83,39,2
83,39,2
83,40,5
83,59,34
83,59,34
83,61,60
83,61,60
83,62,28
83,62,28
83,74,14
83,74,14
83,76,6
83,76,6
83,78,20
83,78,20
83,84,8
83,84,8
83,86,24
83,86,24
83,89,6
83,89,6
83,90,3
83,91,9
83,93,5
83,94,36
83,94,36
83,95,92
83,95,92
83,96,88
83,96,88
83,97,48
83,97,48
83,99,18
83,99,18
83,100,20
83,100,20
83,101,18
83,101,18
83,106,24
83,106,24
83,119,1
83,127,28
83,127,28
84,3,1
84,5,2
84,6,2
84,17,1
84,25,1
84,31,4
84,32,23
84,33,19
84,34,14
84,42,4
84,58,2
84,58,2
84,69,6
84,69,6
84,72,20
84,72,20
84,73,16
84,73,16
84,84,6
84,84,6
84,85,6
84,85,6
84,89,16
84,89,16
84,90,19
84,91,12
84,92,7
84,94,28
84,94,28
84,96,2
84,96,2
84,97,26
84,97,26
84,99,4
84,99,4
85,33,3
85,34,92
85,34,92
85,35,64
85,35,64
85,36,20
85,36,20
85,55,4
85,57,20
85,57,20
85,60,2
85,60,2
85,63,2
85,63,2
85,64,36
85,64,36
85,69,2
85,69,2
85,70,10
85,70,10
85,86,19
85,87,1
85,89,4
85,89,4
85,92,17
85,93,12
85,93,12
85,94,10
85,94,10
85,95,6
85,95,6
85,96,6
85,99,24
85,99,24
85,120,1
86,2,3
86,33,1
86,35,2
86,35,2
86,36,28
86,36,28
86,52,1
86,53,2
86,54,1
86,55,31
86,56,1
86,57,1
86,59,4
86,59,4
86,60,32
86,60,32
86,61,66
86,61,66
86,82,2
86,86,22
86,87,10
86,88,13
86,89,3
86,90,6
86,91,26
86,91,26
86,92,12
86,92,12
86,93,28
86,93,28
86,95,1
86,96,9
86,98,20
86,98,20
86,105,8
86,105,8
86,106,8
86,106,8
86,109,1
86,115,1
86,119,2
86,122,3
87,3,2
87,36,2
87,37,3
87,54,7
87,55,7
87,57,1
87,61,76
87,61,76
87,62,24
87,62,24
87,75,1
87,76,1
87,85,6
87,86,1
87,87,9
87,88,8
87,89,2
87,90,16
87,91,4
87,92,9
87,93,70
87,93,70
87,94,39
87,96,6
87,98,26
87,98,26
87,113,4
87,113,4
87,124,1
88,0,48
88,4,3
88,5,1
88,6,2
88,7,1
88,37,1
88,38,1
88,49,1
88,52,3
88,54,21
88,55,6
88,61,18
88,62,36
88,62,36
88,83,2
88,84,1
88,85,3
88,88,5
88,89,5
88,90,4
88,91,1
88,92,25
88,93,404
88,93,404
88,94,314
88,94,314
88,95,74
88,95,74
88,96,56
88,96,56
88,97,28
88,97,28
88,98,2
88,98,2
88,99,6
88,99,6
88,105,10
88,105,10
88,106,8
88,106,8
88,112,10
88,112,10
88,113,8
88,113,8
88,114,2
88,119,2
88,120,5
88,123,4
88,123,4
88,125,6
88,125,6
88,126,78
88,126,78
89,0,113
89,1,30
89,6,2
89,14,1
89,37,1
89,50,1
89,52,25
89,53,20
89,54,16
89,55,26
89,83,7
89,84,1
89,88,5
89,91,4
89,92,9
89,93,52
89,93,52
89,94,8
89,94,8
89,95,10
89,95,10
89,96,4
89,96,4
89,97,194
89,97,194
89,106,10
89,106,10
89,107,8
89,107,8
89,119,6
89,120,2
89,121,14
89,121,14
89,122,14
89,122,14
89,123,6
89,123,6
89,125,4
89,125,4
89,126,14
89,126,14
90,0,2
90,1,21
90,2,8
90,3,8
90,10,4
90,13,3
90,52,2
90,53,1
90,58,2
90,61,1
90,63,4
90,63,4
90,79,12
90,82,3
90,83,4
90,84,3
90,88,3
90,89,3
90,92,33
90,93,18
90,93,18
90,94,42
90,94,42
90,95,3
90,97,54
90,97,54
90,118,1
90,120,2
90,120,2
90,121,32
90,121,32
90,122,18
90,122,18
90,123,14
90,123,14
91,1,10
91,2,37
91,7,1
91,52,2
91,58,2
91,63,2
91,63,2
91,77,11
91,78,18
91,79,2
91,81,5
91,82,3
91,83,3
91,88,3
91,92,51
91,93,1
91,94,60
91,94,60
91,95,64
91,95,64
91,96,30
91,96,30
91,97,6
91,97,6
91,102,16
91,102,16
91,119,1
91,120,24
91,120,24
91,121,46
91,121,46
91,122,40
91,122,40
91,123,12
91,123,12
91,126,8
91,126,8
92,0,1
92,2,29
92,3,20
92,4,3
92,54,1
92,77,4
92,78,12
92,81,2
92,83,7
92,84,2
92,88,9
92,91,18
92,92,11
92,93,20
92,93,20
92,94,14
92,94,14
92,124,2
92,124,2
93,1,10
93,5,8
93,6,16
93,7,23
93,8,2
93,23,1
93,25,1
93,31,1
93,60,2
93,63,3
93,77,3
93,78,2
93,79,10
93,80,2
93,81,18
93,82,13
93,84,62
93,85,13
93,87,8
93,88,13
93,89,15
93,90,13
93,92,8
93,92,8
93,93,4
93,93,4
93,94,4
93,94,4
93,102,4
93,102,4
93,121,4
93,121,4
94,6,11
94,7,20
94,8,6
94,9,7
94,10,3
94,15,1
94,61,1
94,65,1
94,75,3
94,77,6
94,78,2
94,79,26
94,80,4
94,81,5
94,84,18
94,85,4
94,86,44
94,87,39
94,88,20
94,90,22
94,90,22
94,91,42
94,91,42
94,92,10
94,92,10
94,119,1
95,11,3
95,12,2
95,53,9
95,54,2
95,77,2
95,78,3
95,79,1
95,81,14
95,82,11
95,85,12
95,86,4
95,88,4
95,89,14
95,89,14
95,90,12
95,90,12
96,10,2
96,11,14
96,12,2
96,50,1
96,53,2
96,76,14
96,77,14
96,78,6
96,82,4
96,83,2
96,86,2
96,87,1
96,88,3
96,89,12
96,89,12
96,117,2
96,117,2
96,118,20
96,118,20
96,119,38
96,119,38
96,120,20
96,120,20
97,2,5
97,9,3
97,12,17
97,13,2
97,18,1
97,71,4
97,71,4
97,77,2
97,78,31
97,83,2
97,86,1
97,87,6
97,100,10
97,100,10
97,101,1
97,102,3
97,107,1
97,113,1
97,115,2
97,123,3
98,4,1
98,18,3
98,23,8
98,24,10
98,25,1
98,50,1
98,51,3
98,76,1
98,78,2
98,80,1
98,83,1
98,84,3
98,90,1
98,92,1
98,97,2
98,100,22
98,100,22
98,101,3
98,115,4
98,116,1
98,119,10
98,119,10
99,1,1
99,15,16
99,72,30
99,72,30
99,77,1
99,78,3
99,115,1
99,123,1
100,10,1
100,14,7
100,15,7
100,20,2
100,69,1
100,71,2
100,72,10
100,72,10
100,77,130
100,77,130
100,78,42
100,78,42
100,98,1
100,116,1
101,11,3
101,15,32
101,21,3
101,22,1
101,28,1
101,68,2
101,75,2
101,75,2
101,76,4
101,76,4
101,78,12
101,78,12
101,79,18
101,79,18
101,116,1
102,15,4
102,17,11
102,18,10
102,19,3
102,21,4
102,22,3
102,80,26
102,80,26
103,5,2
103,15,17
103,17,12
103,18,6
103,19,4
104,5,2
104,9,2
104,13,6
104,14,7
104,15,3
104,17,21
104,18,1
104,19,4
104,20,10
104,86,1
105,13,4
105,16,8
105,20,71
105,21,85
105,22,4
105,84,32
105,84,32
105,85,18
105,85,18
105,117,1
106,1,1
106,11,5
106,21,3
106,22,2
106,23,9
106,24,9
106,34,16
106,35,4
106,83,4
106,83,4
106,84,4
106,84,4
106,85,18
106,85,18
106,86,10
106,86,10
107,24,2
107,25,5
107,84,2
107,84,2
107,85,126
107,85,126
107,86,58
107,86,58
107,88,1
108,21,2
108,27,4
108,30,2
108,85,90
108,85,90
108,86,6
109,2,1
109,20,2
109,27,5
109,85,3
109,88,1
110,12,5
110,18,4
110,60,1
110,72,1
110,83,2
111,7,1
111,8,1
111,12,8
111,13,8
111,19,1
111,24,2
111,31,3
111,40,2
111,82,1
112,32,111
112,33,3
112,47,2
112,68,1
112,82,10
112,116,1
113,1,1
113,12,2
113,20,1
113,32,24
113,33,27
113,120,1
114,25,3
114,32,9
114,33,4
114,39,11
114,40,3
114,121,2
114,124,1
114,126,1
115,3,1
115,29,5
115,30,5
115,31,2
115,32,7
115,33,9
115,36,14
115,37,7
115,39,8
115,40,26
115,41,2
115,57,1
115,113,1
115,114,1
115,115,1
115,117,4
115,118,1
115,119,24
115,121,2
115,124,3
115,126,3
116,14,3
116,15,8
116,31,4
116,32,1
116,34,2
116,41,7
116,83,1
117,2,3
117,10,7
117,17,6
117,34,4
117,35,6
117,36,4
117,41,2
117,42,10
117,55,1
117,56,1
117,108,1
118,9,17
118,10,139
118,17,1
118,36,13
118,37,14
118,38,3
118,41,2
118,42,27
118,127,2
119,1,1
119,5,1
119,10,2
119,11,3
119,29,1
119,35,6
119,36,4
119,38,19
119,39,15
119,40,19
119,41,35
119,42,171
119,43,16
119,47,1
119,48,6
119,106,1
119,124,6
119,125,29
119,126,15
119,127,11
120,10,1
120,11,1
120,12,3
120,14,2
120,17,2
120,37,2
120,38,5
120,40,2
120,41,24
120,42,11
120,43,13
120,44,15
120,45,1
120,49,5
120,56,1
120,67,2
120,119,5
120,120,9
120,123,8
120,124,14
120,127,4
121,1,2
121,8,1
121,11,5
121,12,38
121,13,5
121,14,11
121,21,1
121,37,2
121,38,1
121,44,2
121,47,5
121,48,7
121,49,12
121,50,4
121,56,1
121,88,2
121,103,1
121,116,2
121,118,7
121,119,30
121,120,1
122,8,1
122,12,37
122,13,21
122,14,2
122,15,8
122,16,11
122,17,10
122,35,1
122,41,2
122,43,1
122,47,2
122,48,1
122,52,6
122,57,1
122,62,8
122,62,8
122,63,4
122,104,3
122,116,2
122,117,13
122,118,8
122,119,2
123,12,1
123,13,6
123,15,2
123,16,13
123,18,21
123,19,5
123,22,3
123,26,1
123,30,1
123,49,5
123,50,2
123,51,32
123,52,13
123,54,1
123,56,2
123,59,32
123,60,10
123,61,6
123,61,6
123,66,2
123,93,1
123,115,1
123,116,8
123,117,9
124,16,1
124,19,5
124,20,7
124,21,2
124,22,2
124,44,1
124,47,1
124,53,11
124,54,13
124,55,5
124,59,29
124,60,3
124,78,6
124,84,4
124,85,1
124,113,2
124,115,1
124,116,17
124,117,6
124,118,5
125,9,1
125,20,10
125,46,1
125,53,1
125,55,1
125,56,4
125,57,6
125,58,26
125,59,22
125,71,1
125,73,2
125,76,5
125,77,6
125,78,5
125,79,28
125,80,2
125,81,1
125,83,6
125,84,2
125,85,1
125,86,2
125,87,4
125,88,8
125,89,21
125,91,1
125,92,2
125,114,3
125,115,15
125,116,16
125,118,1
125,120,2
125,122,1
126,8,1
126,16,3
126,22,1
126,23,1
126,56,5
126,58,11
126,59,38
126,60,31
126,62,2
126,63,4
126,65,29
126,66,3
126,67,4
126,69,5
126,70,4
126,71,2
126,74,8
126,75,27
126,76,5
126,79,2
126,80,1
126,87,6
126,88,7
126,89,9
126,92,5
126,93,5
126,96,1
126,105,2
126,106,1
126,109,69
126,110,181
126,111,42
126,112,3
126,113,3
126,114,2
126,115,72
126,116,51
126,117,1
126,119,2
126,120,2
126,122,1
127,0,2
127,21,17
127,52,3
127,58,1
127,61,8
127,61,8
127,65,13
127,66,52
127,67,47
127,68,26
127,69,57
127,70,4
127,71,2
127,74,1
127,75,21
127,77,3
127,87,16
127,90,1
127,91,3
127,94,5
127,95,5
127,96,14
127,97,8
127,98,33
127,99,57
127,100,18
127,101,43
127,102,11
127,104,4
127,106,7
127,107,2
127,108,24
127,109,248
127,110,59
127,111,8
127,112,21
127,113,25
127,114,13
127,115,14
127,117,3
127,118,4
127,121,1
127,122,1
127,124,2